100
1 57
73 10
87 75
59 3
71 28
33 86
29 15
77 68
9 93
49 82
38 46
28 63
98 81
68 28
94 7
12 37
97 26
0 38
12 82
70 91
16 36
43 22
40 31
60 4
14 66
40 69
83 86
42 41
77 29
32 69
54 17
14 60
1 83
80 35
60 72
36 61
45 25
34 77
3 41
23 25
90 80
37 82
73 31
82 21
59 58
55 11
67 49
29 49
71 20
47 66
69 32
68 40
2 59
23 15
55 92
37 20
19 12
93 82
56 73
20 75
68 84
32 93
89 27
98 14
71 94
1 90
20 74
44 75
82 92
44 93
69 61
32 73
6 51
54 12
96 53
95 63
18 24
73 33
4 12
99 57
26 96
82 97
26 74
86 95
69 52
25 46
93 51
34 19
1 70
11 6
69 25
34 11
22 23
90 15
92 88
28 86
52 60
32 11
85 27
13 42

