100 100
561 822 918 786 879 211 265 578 881 41 893 309 479 319 76 1 664 557 748 858 202 210 55 474 978 734 939 685 213 464 175 126 286 93 912 518 304 529 448 537 570 341 198 49 660 274 402 677 184 151 535 386 361 591 212 691 677 151 376 242 968 551 368 254 996 633 772 652 162 221 189 85 914 387 486 927 14 889 604 550 40 139 288 753 82 500 445 112 4 821 354 972 725 75 578 73 708 703 726 222 
276 267 659 190 7 146 117 373 387 721 275 427 213 563 180 647 63 977 759 67 151 114 391 876 541 970 301 249 673 27 823 301 647 483 491 6 629 961 731 16 34 6 795 247 569 327 895 632 305 654 52 808 120 443 684 661 765 337 262 438 365 86 739 364 569 583 722 550 544 453 918 578 459 65 178 28 744 73 12 401 79 416 209 552 212 245 565 977 583 828 768 300 266 859 664 187 442 386 89 338 
191 7 269 650 424 447 30 168 872 394 570 951 163 779 855 375 25 421 352 608 601 120 908 867 980 924 406 774 662 495 113 853 854 734 855 278 181 237 798 405 631 368 708 794 500 564 169 877 337 874 485 938 994 745 157 326 21 563 101 683 410 566 888 264 300 95 894 833 332 692 238 963 413 298 110 265 862 631 142 199 505 979 137 852 724 646 178 97 209 631 780 619 549 20 235 849 115 481 34 447 
526 624 762 291 923 224 556 785 208 698 337 713 677 826 917 753 473 448 850 34 79 982 6 629 2 241 830 469 75 217 268 601 841 30 892 116 607 448 902 815 498 591 880 175 417 798 928 242 598 130 277 677 112 283 658 466 876 841 935 951 58 203 904 251 585 796 368 192 596 622 359 94 213 240 621 982 390 549 225 988 679 854 17 143 137 28 609 365 869 544 669 279 99 573 530 685 722 898 229 670 
872 941 765 85 533 386 420 923 288 997 263 319 851 632 463 988 660 72 705 529 969 374 160 68 948 691 105 22 941 687 692 814 628 809 251 161 548 23 436 836 20 699 507 871 331 970 211 344 395 917 225 716 643 386 136 943 429 594 965 370 281 658 536 261 819 140 774 367 163 210 203 536 261 63 407 944 385 971 640 780 888 866 848 883 252 985 827 681 931 792 403 212 802 292 825 622 784 599 341 299 
161 545 835 774 960 595 70 345 566 711 478 806 577 326 689 181 663 516 214 594 661 617 158 815 261 335 437 45 286 131 345 447 676 180 573 636 127 996 333 693 59 811 499 988 138 189 169 153 57 383 748 718 352 258 534 966 594 323 11 880 454 708 680 482 241 605 470 368 601 804 62 660 615 561 648 105 102 169 259 160 904 359 230 609 617 764 575 211 440 938 444 894 647 124 377 240 729 199 608 683 
3 670 343 971 584 344 76 38 513 687 550 418 46 781 27 16 897 954 227 337 892 23 584 891 499 313 131 229 512 740 912 516 762 607 839 698 951 915 89 817 603 639 587 1 772 614 17 670 920 597 359 812 620 943 704 120 256 187 701 769 927 965 637 42 924 476 740 228 743 181 45 698 821 632 700 593 598 69 615 518 666 975 682 639 918 738 111 527 926 812 296 853 129 285 247 53 761 340 633 856 
521 678 555 342 662 607 288 260 28 255 130 47 582 813 686 501 551 149 380 829 313 676 683 442 961 282 847 74 622 481 930 144 511 837 838 174 796 478 786 825 734 269 872 316 434 910 169 985 59 549 815 372 577 850 166 890 484 13 316 107 846 599 251 358 436 441 884 585 920 670 762 6 291 634 674 725 896 844 63 955 745 230 679 675 432 845 917 916 858 234 23 705 833 626 415 621 68 299 206 340 
321 320 346 613 306 20 690 202 216 753 157 314 983 836 989 415 681 906 332 892 492 707 949 325 334 364 947 754 15 505 94 336 178 792 301 484 812 992 687 381 745 196 695 81 385 36 496 66 294 180 310 787 888 259 112 574 975 411 328 990 269 422 327 447 214 980 931 378 972 618 759 70 815 806 151 200 842 999 618 137 532 281 924 772 892 388 346 868 152 674 210 421 448 889 220 14 870 151 744 194 
122 856 264 289 662 767 841 857 767 811 346 299 92 622 423 337 10 769 205 162 795 767 935 595 657 155 609 879 659 705 73 781 561 338 422 224 105 263 81 224 74 779 875 519 401 298 856 411 67 413 926 214 180 861 809 189 369 770 68 28 476 494 161 389 184 583 613 289 846 46 866 272 825 741 791 226 392 647 990 811 60 916 26 241 129 187 430 850 310 851 878 138 345 391 527 529 974 493 170 172 
891 388 797 69 130 588 295 874 588 637 685 648 905 63 241 387 603 24 237 913 875 468 51 572 859 930 101 186 423 623 710 315 12 507 384 494 448 31 368 36 21 405 684 926 469 278 313 72 302 551 337 529 371 388 101 230 318 554 768 94 177 479 409 189 338 145 683 786 528 403 822 549 809 859 476 630 137 141 702 791 44 39 320 415 779 421 646 449 327 766 543 504 597 304 694 936 801 729 722 330 
485 897 879 294 108 707 924 597 849 978 388 893 17 708 309 148 481 307 597 808 425 493 664 23 149 710 959 951 440 33 281 925 282 512 571 390 220 495 339 69 473 727 314 842 787 975 342 620 634 291 428 60 784 93 435 934 803 394 237 595 779 518 872 62 30 443 804 602 290 496 23 115 223 338 309 363 665 651 983 300 943 764 712 79 209 147 365 364 893 602 960 672 472 184 86 855 980 243 457 270 
739 833 738 314 171 47 677 836 51 13 488 346 777 552 425 986 51 143 702 944 97 662 969 922 199 407 777 179 2 586 801 93 419 539 408 942 939 437 131 990 802 971 336 579 524 113 917 575 256 620 520 354 634 841 276 833 248 405 364 603 343 518 696 115 409 456 57 348 894 540 690 696 512 26 628 36 140 897 963 748 517 835 454 152 676 82 337 277 487 54 880 183 924 576 298 333 33 707 34 279 
248 724 327 760 751 307 148 243 205 111 991 722 947 446 226 975 880 916 252 720 322 132 903 246 61 553 931 446 260 965 725 508 690 404 620 793 712 120 388 269 232 379 991 531 177 570 506 58 838 759 778 160 243 33 758 656 586 689 102 846 7 179 707 697 584 679 842 648 800 230 269 384 961 612 915 491 182 773 549 372 532 679 532 128 64 642 784 650 332 239 848 691 418 907 388 354 587 582 354 739 
812 623 123 773 236 38 264 770 811 165 143 696 196 27 176 260 670 312 262 354 551 463 45 322 370 785 676 957 367 383 696 179 6 171 304 594 209 921 365 373 438 860 421 635 887 949 247 909 261 510 263 813 325 660 135 695 445 163 653 164 546 701 695 905 873 0 499 434 273 216 159 711 76 580 346 964 529 946 873 143 808 489 956 133 149 443 828 947 958 833 463 857 887 159 762 112 511 613 546 784 
182 706 847 258 638 194 574 520 492 800 663 300 289 971 785 790 766 613 89 724 799 553 933 686 712 47 798 575 661 696 359 843 754 206 453 393 752 28 265 596 828 928 248 469 251 33 259 17 999 701 93 798 254 27 836 318 74 986 893 87 682 252 282 437 810 736 182 915 116 447 511 296 727 760 765 978 793 376 347 144 77 440 942 331 819 130 649 246 116 542 333 151 146 968 940 309 56 122 224 172 
921 87 468 0 847 233 978 993 961 325 489 39 117 784 370 937 914 372 535 383 266 868 534 765 188 474 74 244 948 650 416 221 737 884 221 937 469 551 282 431 228 771 822 345 555 544 634 470 916 169 205 535 390 739 300 578 565 726 823 865 376 591 438 465 828 659 754 649 562 36 432 790 160 254 487 715 799 474 537 67 995 742 602 385 833 254 316 750 980 491 967 708 434 405 526 262 416 280 912 978 
669 344 768 829 599 608 544 750 82 434 817 429 528 420 815 362 674 483 464 7 326 432 67 760 189 593 23 606 874 287 584 895 983 705 724 934 313 620 684 747 54 502 176 583 922 343 297 948 178 761 307 504 545 375 617 735 968 640 341 194 279 277 89 614 334 813 549 999 434 233 746 840 87 275 423 9 970 720 310 149 834 617 5 379 992 622 114 313 614 807 507 893 437 597 508 771 762 409 771 548 
642 869 389 730 144 812 91 467 885 753 616 719 371 973 450 715 596 565 28 210 724 888 456 161 837 316 933 599 77 56 500 719 925 889 801 422 53 245 889 938 350 857 9 73 830 460 789 778 377 169 341 101 57 797 615 894 465 900 846 542 956 346 613 233 235 767 655 640 364 896 931 714 753 940 788 584 752 929 362 129 98 55 583 156 852 550 402 669 450 248 563 758 946 529 343 533 296 999 174 12 
895 105 726 1 397 866 937 150 795 299 631 246 707 214 754 559 764 156 581 566 757 144 676 703 25 20 237 321 371 763 333 266 220 412 267 617 278 204 119 426 856 751 672 563 317 426 474 434 582 407 0 691 904 29 747 929 49 336 603 420 99 936 38 319 700 658 288 331 214 760 757 422 863 429 985 180 207 812 614 141 571 967 833 475 348 580 405 397 916 8 169 367 296 207 38 349 865 678 680 80 
438 437 854 301 218 192 834 777 4 448 918 927 767 751 403 115 683 160 864 951 520 33 318 816 593 708 517 458 387 197 890 825 986 745 479 556 937 313 333 293 113 252 220 233 355 975 348 39 135 565 990 7 598 661 824 191 369 341 2 108 891 244 286 877 341 765 434 630 430 119 275 543 371 848 776 727 823 477 118 311 394 460 318 992 121 494 536 843 188 890 951 79 486 237 308 180 354 94 810 784 
214 438 680 937 286 808 664 461 637 134 772 31 595 443 376 716 937 264 911 125 506 863 556 992 452 217 172 807 663 335 943 877 773 975 815 411 136 831 872 773 966 645 157 561 88 533 629 377 797 541 855 655 756 763 647 208 980 172 367 644 859 663 873 632 638 40 43 774 224 267 900 190 912 57 103 352 590 84 730 739 977 937 394 733 700 393 294 681 917 661 677 776 324 550 760 315 591 155 89 815 
423 989 357 687 398 812 40 988 248 122 79 226 59 825 959 759 571 605 792 488 267 821 617 943 372 377 258 315 885 700 482 308 41 191 347 440 355 387 780 603 861 860 829 272 37 141 32 608 746 176 449 365 998 66 309 722 795 919 389 680 619 223 340 661 414 40 453 121 779 233 724 641 93 906 913 483 47 297 91 145 826 892 863 176 958 172 898 106 91 639 138 63 862 831 76 628 871 529 749 650 
762 473 291 208 731 557 691 130 206 134 276 32 379 139 208 689 663 458 795 106 97 286 521 311 117 597 291 988 126 40 990 241 866 634 801 597 543 492 728 749 978 356 782 357 847 342 47 862 153 194 320 250 480 842 914 597 439 205 937 918 598 280 159 464 914 960 413 457 804 493 558 134 201 692 844 48 35 243 262 188 437 583 790 918 425 56 867 216 262 157 134 860 789 645 676 703 957 89 512 113 
935 70 248 136 115 92 185 150 335 799 690 124 382 480 394 807 537 262 24 151 771 510 363 560 156 39 615 465 480 479 579 415 901 179 552 16 623 89 166 958 888 856 434 623 689 829 782 578 443 158 81 214 669 444 126 177 835 741 642 315 220 221 83 473 400 987 490 23 76 8 333 316 865 120 939 906 949 74 836 392 232 917 958 253 713 84 430 548 177 425 215 749 646 298 222 399 285 712 774 713 
721 460 30 938 932 321 196 881 747 384 625 980 301 935 233 14 371 16 914 900 441 129 649 439 780 223 190 417 288 965 131 9 777 513 299 709 186 847 942 934 231 919 266 532 854 499 898 225 867 164 125 308 645 126 748 425 349 938 843 637 255 326 998 32 839 649 93 377 496 387 663 727 306 929 611 160 781 861 737 648 25 214 957 23 692 57 448 42 995 643 31 251 969 382 635 160 31 81 890 528 
468 553 607 127 835 571 639 616 784 729 616 162 943 925 185 988 982 985 30 330 629 413 933 950 795 920 463 827 1 353 707 822 906 666 301 741 589 940 709 374 669 678 536 613 603 73 953 586 58 983 268 687 748 201 990 896 473 453 75 827 806 782 649 64 800 950 158 742 242 219 116 912 897 4 877 501 429 830 439 487 165 707 527 913 260 517 809 733 322 884 560 128 18 561 544 171 863 702 913 106 
922 381 18 819 385 247 672 166 77 111 653 242 170 532 507 782 49 317 516 371 553 428 851 572 342 396 95 205 450 8 663 372 389 681 544 126 928 216 292 357 680 297 599 202 830 107 985 231 776 853 955 681 281 806 605 623 554 700 181 5 708 844 729 449 878 625 927 158 194 571 516 874 869 467 428 51 926 413 282 702 266 237 384 548 396 989 523 950 42 56 307 102 901 37 552 779 14 831 937 208 
403 805 434 624 273 863 675 199 276 957 254 543 547 638 443 943 979 318 245 21 375 553 124 276 942 28 407 956 211 696 165 614 854 599 590 127 462 265 326 739 575 932 634 122 570 429 65 902 747 310 275 122 863 751 750 805 131 509 762 343 558 279 309 412 878 900 539 341 165 217 432 740 150 418 862 72 847 279 326 594 590 602 69 805 705 171 963 837 33 77 180 591 356 489 355 586 389 894 279 907 
463 63 647 965 481 862 390 328 493 716 923 83 670 344 241 376 867 556 213 900 985 745 491 341 234 846 279 976 92 559 883 908 622 882 225 104 96 615 432 590 684 707 25 354 403 618 82 271 174 647 171 159 744 15 852 979 213 132 307 658 43 190 566 665 424 791 121 521 407 906 111 443 965 488 149 369 107 232 640 281 231 163 793 976 178 645 307 744 129 614 402 172 156 968 190 580 111 663 453 870 
569 916 313 887 405 463 256 512 47 248 793 630 763 938 958 942 584 617 686 713 583 440 238 739 760 428 672 871 91 477 742 13 394 407 900 799 222 508 311 621 756 456 252 519 395 562 813 331 180 851 44 115 291 634 207 51 62 231 275 506 708 369 519 102 128 771 901 351 279 564 972 387 373 576 258 768 491 72 99 671 275 495 138 919 130 345 322 544 576 597 50 285 318 921 387 447 692 641 150 971 
557 122 710 930 51 969 698 542 393 149 565 668 997 703 939 479 49 262 23 625 211 426 262 882 347 650 329 392 643 479 363 200 953 426 131 4 395 181 898 788 683 463 808 680 167 748 159 568 362 534 193 925 960 808 807 308 458 136 52 453 967 415 5 921 193 136 277 588 670 176 728 353 639 537 385 158 637 896 726 999 430 272 924 743 80 732 403 890 220 455 695 188 222 700 461 416 189 738 4 859 
266 85 564 258 622 301 416 611 197 495 610 979 119 886 722 551 970 125 793 543 932 488 83 155 540 896 571 729 986 927 940 253 364 856 511 986 157 279 597 706 126 559 38 245 798 760 148 120 238 941 663 522 781 98 677 322 994 600 403 981 880 696 234 244 552 97 583 62 728 532 768 855 444 806 452 242 919 601 714 509 894 730 31 28 828 709 702 175 661 105 156 541 801 742 786 706 191 721 768 919 
253 888 774 697 695 227 291 966 180 6 475 426 736 506 454 916 567 508 91 229 614 247 122 767 341 260 825 532 981 593 452 587 482 226 284 529 805 576 495 337 934 970 764 670 828 570 586 748 79 30 329 45 277 451 164 619 64 990 503 397 935 955 984 417 534 269 946 691 197 793 29 131 763 145 153 944 67 739 692 498 769 21 895 399 824 60 370 240 402 873 638 337 181 622 755 715 243 53 406 440 
847 787 571 962 932 724 258 352 816 950 850 937 323 746 688 500 158 58 740 912 284 730 249 465 353 356 532 596 762 290 37 609 78 960 923 362 37 182 714 205 484 917 142 160 15 183 12 173 593 104 437 877 835 686 694 188 395 578 136 157 869 525 118 947 838 41 309 875 575 376 80 60 293 574 572 308 757 584 833 351 688 270 580 875 308 275 63 703 853 552 860 74 77 978 21 915 372 683 142 947 
59 574 7 704 149 931 12 258 515 197 961 556 819 542 431 127 169 847 831 374 399 43 449 828 374 822 96 746 857 238 693 916 165 53 972 314 336 336 924 852 533 886 408 352 780 191 832 301 38 15 27 789 58 828 618 784 651 66 530 508 656 576 777 821 981 749 487 317 438 412 521 971 650 281 676 782 473 508 83 511 523 462 653 933 291 271 718 942 689 600 802 345 176 931 167 509 33 654 179 471 
418 700 442 420 982 470 202 807 330 637 670 853 100 323 139 743 946 857 37 635 457 839 981 986 123 500 847 156 506 26 627 925 79 421 697 61 892 252 220 222 889 890 428 341 566 567 84 512 776 121 500 585 313 833 923 436 333 771 592 839 797 571 116 228 992 814 641 884 66 861 459 307 104 887 1 670 806 437 534 582 911 34 519 576 867 443 12 552 214 956 392 363 527 860 592 519 26 233 756 444 
447 215 752 551 454 105 221 260 542 755 194 453 142 713 29 9 156 393 914 722 701 306 86 580 518 30 452 545 615 208 341 62 775 445 613 229 550 186 841 445 942 35 250 436 748 632 797 257 25 711 979 79 369 417 659 888 799 111 785 415 671 478 477 446 924 91 675 474 277 868 271 571 903 522 359 4 154 157 261 531 868 592 610 590 10 622 478 809 733 615 224 405 93 54 203 369 497 879 844 774 
747 467 698 3 989 409 7 143 566 620 27 787 212 989 377 222 611 207 384 697 174 960 102 619 14 305 989 511 536 185 638 636 652 688 991 642 97 998 137 16 618 516 803 830 506 532 405 469 739 141 166 913 101 620 532 468 278 873 331 166 58 969 802 711 9 145 705 107 143 194 475 113 711 278 296 569 162 701 38 901 194 205 166 647 825 50 115 103 924 799 622 334 768 424 45 130 922 102 589 65 
297 64 531 360 694 827 929 856 880 967 109 74 524 275 721 350 677 189 805 601 988 427 936 108 204 333 238 126 788 179 543 85 243 74 445 289 253 726 145 133 693 254 559 218 881 633 920 559 822 77 512 162 857 800 622 413 486 213 539 274 392 434 711 988 861 508 277 114 234 775 248 279 29 807 849 263 792 769 174 614 199 686 128 56 839 103 469 325 316 360 599 60 146 310 48 7 818 678 474 404 
453 74 683 834 233 533 97 26 654 271 992 205 310 121 261 149 576 82 474 892 794 425 952 293 87 353 300 257 31 126 661 484 200 696 670 434 581 768 460 236 391 804 441 701 277 55 202 853 489 28 745 636 805 50 929 892 403 581 501 786 708 514 622 260 211 292 694 792 412 506 380 804 311 174 857 588 581 60 442 422 440 539 58 246 941 987 490 696 921 992 482 629 858 104 889 421 749 936 214 161 
442 946 965 105 472 175 46 53 587 488 476 27 379 534 273 321 874 116 17 795 460 852 776 318 956 665 740 57 953 306 219 396 604 536 853 77 711 899 482 298 739 958 678 119 845 303 792 71 419 809 866 879 661 994 550 970 659 642 27 613 300 598 361 904 135 214 333 846 114 816 497 205 774 175 324 971 478 116 42 898 278 260 129 291 254 31 613 266 673 641 231 973 239 944 230 726 510 563 573 976 
379 422 182 506 597 506 477 75 975 872 325 253 484 807 896 91 838 510 357 512 503 940 837 94 884 67 821 394 631 746 723 362 168 905 868 765 763 698 192 738 570 518 343 406 677 240 497 515 750 206 379 605 146 569 699 382 636 520 129 619 266 852 982 786 109 202 551 872 900 96 611 822 966 954 229 643 546 78 510 648 285 890 253 783 459 953 166 447 825 647 419 444 851 401 230 960 955 134 832 856 
230 443 30 196 750 611 191 648 690 701 297 327 591 550 110 402 855 628 850 33 627 621 477 478 22 59 438 329 193 623 185 775 418 568 323 168 179 514 817 221 216 466 548 159 368 659 562 576 639 764 609 267 385 438 745 759 497 536 88 691 159 626 466 577 546 790 98 725 656 267 947 872 733 495 32 453 506 946 29 146 62 990 413 799 428 510 558 926 398 998 617 557 976 435 487 522 577 937 600 234 
204 899 458 289 746 842 94 253 788 124 751 202 114 516 1 543 378 911 821 777 910 790 686 238 225 525 113 155 462 65 389 18 964 199 659 62 42 754 667 830 230 418 385 344 286 386 239 665 298 412 794 560 202 480 798 780 358 263 935 820 680 676 839 644 875 498 707 917 604 726 100 834 145 485 531 783 223 122 448 521 535 594 81 737 75 232 517 433 847 452 605 528 480 796 524 356 647 583 625 251 
310 77 86 455 914 969 590 138 91 39 659 626 985 93 716 412 325 233 197 524 38 803 52 870 599 577 578 598 160 204 850 822 633 288 629 548 257 220 686 348 611 697 327 596 790 43 9 467 628 206 992 18 361 396 241 961 973 819 911 486 375 761 308 9 401 938 557 658 158 595 359 121 292 38 717 435 433 726 902 61 285 246 432 646 643 673 959 616 844 871 454 220 632 115 229 34 405 138 44 563 
733 403 684 377 793 753 812 226 480 67 640 117 313 72 763 956 97 723 925 941 594 379 513 578 846 742 964 251 232 9 166 317 764 202 695 558 956 859 784 788 926 424 905 240 848 668 548 297 743 473 591 337 205 104 268 51 199 232 655 431 241 821 749 358 24 796 268 332 655 52 120 934 829 25 526 29 45 74 327 789 548 270 478 105 374 746 156 573 331 811 357 572 985 106 282 9 902 550 693 909 
955 813 843 136 190 369 165 587 444 844 728 344 466 207 449 841 305 957 766 636 121 123 561 458 229 195 467 483 746 160 393 53 325 588 189 515 958 706 102 754 903 183 450 369 390 899 562 47 208 681 684 681 804 597 139 386 792 958 221 890 470 614 943 795 203 484 662 513 191 117 619 446 300 69 815 42 320 730 89 528 411 125 210 215 722 701 953 867 660 175 757 130 141 701 278 696 185 940 209 728 
57 828 174 709 897 342 751 217 424 193 98 835 670 660 402 745 361 356 612 21 883 369 504 24 422 782 721 960 74 282 40 484 463 567 193 712 909 297 282 333 842 380 520 512 392 922 257 105 630 869 127 865 591 983 242 365 765 315 677 839 597 718 675 412 285 869 125 546 518 407 231 360 139 751 872 531 25 130 636 8 999 115 873 942 450 115 308 567 430 337 759 380 55 434 792 692 303 269 238 821 
676 821 533 167 572 406 50 950 536 39 958 887 154 183 182 957 299 842 524 81 179 283 813 235 718 606 279 373 227 870 547 904 691 80 423 264 838 474 566 374 513 524 614 19 707 796 976 358 638 853 792 817 136 605 404 206 563 36 932 791 906 831 47 597 263 470 213 102 944 779 476 809 303 442 829 363 238 805 73 228 658 217 398 147 823 802 705 738 838 989 881 96 820 280 694 84 751 907 538 47 
687 366 857 342 809 38 57 47 195 131 276 206 700 26 353 875 828 410 614 19 400 847 115 220 128 161 656 231 69 194 630 108 561 839 450 722 877 508 769 73 991 397 279 691 423 984 567 604 394 533 975 146 732 442 367 860 604 375 443 25 922 426 133 835 265 583 557 495 443 678 920 786 76 199 830 851 535 749 807 281 282 134 428 14 577 147 227 533 874 22 558 796 448 691 631 66 626 188 561 70 
867 481 208 295 32 38 498 919 787 306 200 421 792 628 436 369 127 15 902 2 37 460 798 838 503 782 904 130 970 817 552 189 650 760 836 34 799 335 953 938 993 153 360 137 134 148 507 613 163 761 615 552 574 414 742 77 548 646 207 870 815 111 60 465 872 248 499 23 935 804 961 280 310 321 418 444 469 277 57 984 38 25 889 612 791 631 690 339 630 249 209 445 361 621 263 585 222 114 608 157 
919 569 438 229 891 208 25 712 485 434 49 523 459 938 488 250 569 178 941 551 779 151 997 492 124 612 77 346 726 685 504 645 255 294 226 498 854 251 562 339 686 611 214 497 549 702 748 471 232 689 22 364 192 371 856 317 983 934 663 62 971 519 59 578 165 286 428 19 889 991 710 575 602 925 73 504 627 173 327 212 214 701 576 407 73 432 76 408 718 739 822 690 611 882 268 776 520 697 148 409 
40 858 985 994 783 410 850 763 935 177 975 149 879 551 556 304 983 984 64 54 724 887 744 687 121 364 815 641 413 963 50 805 174 387 800 957 149 650 72 84 180 47 586 411 598 494 715 934 479 131 340 203 370 436 242 491 152 57 484 566 373 887 723 547 626 523 856 776 526 929 212 706 328 798 117 279 293 184 565 772 667 905 327 38 341 921 881 493 330 366 411 703 253 135 602 231 10 459 359 536 
740 572 594 68 722 63 347 367 599 912 491 267 817 170 657 158 91 538 4 422 904 415 125 509 902 728 741 913 539 100 801 279 24 748 347 747 163 47 466 763 959 958 382 129 128 39 639 220 577 643 994 834 411 119 343 313 199 84 578 90 537 732 721 561 480 69 660 995 468 479 110 427 437 844 556 917 883 548 489 813 191 483 647 954 955 342 268 154 779 198 597 316 930 318 229 762 739 242 110 207 
721 220 987 158 65 895 75 300 443 917 113 635 400 112 589 355 455 209 862 586 760 459 902 42 777 483 805 869 725 915 76 446 487 63 956 552 959 384 853 402 301 318 389 701 431 331 409 238 892 271 824 652 730 78 695 859 561 852 728 639 119 805 437 606 220 746 511 179 130 716 934 783 34 675 836 817 6 245 407 899 516 231 903 598 661 950 458 575 802 538 214 273 695 3 880 916 749 743 447 231 
459 733 14 845 409 203 663 415 800 70 666 317 654 570 267 315 520 77 890 675 616 456 948 311 460 180 579 209 923 27 793 382 112 159 228 521 362 243 937 163 313 955 832 319 525 451 635 398 529 877 73 497 334 21 160 146 554 740 707 477 119 500 212 231 660 792 753 374 35 42 537 700 997 721 20 875 173 7 273 54 884 698 551 570 719 711 68 625 451 776 103 922 276 667 154 288 459 259 663 494 
301 552 546 650 274 566 525 799 925 150 853 162 848 404 732 920 115 153 545 919 929 648 841 557 315 347 846 126 958 509 620 611 61 519 262 687 437 139 486 363 290 339 525 138 743 609 58 211 762 604 482 43 604 323 601 272 23 447 398 981 308 371 945 721 890 207 409 679 346 247 42 988 587 919 127 682 881 537 893 995 493 375 39 98 51 992 722 426 791 472 759 99 843 704 172 85 263 933 765 962 
181 159 950 768 431 77 802 664 967 696 659 460 423 50 910 826 394 632 604 185 105 364 636 300 420 809 738 684 742 855 646 275 366 596 43 797 26 846 813 993 894 825 805 669 875 716 848 622 348 804 807 805 520 444 458 941 605 196 977 699 51 623 975 417 571 370 567 949 568 380 294 814 205 100 836 433 816 36 55 516 840 214 674 361 10 132 654 615 328 631 667 731 606 994 500 529 716 419 831 637 
152 125 803 357 225 639 142 393 27 549 910 220 764 584 581 774 716 587 742 396 570 409 479 176 755 331 57 471 751 888 460 903 14 264 612 591 255 107 985 283 656 247 503 420 831 436 195 899 375 289 647 945 698 478 473 805 809 530 628 912 419 89 167 785 705 780 728 960 239 713 595 895 960 450 316 143 238 863 394 613 152 393 558 202 871 31 359 33 562 987 945 333 428 113 470 133 245 198 446 484 
264 41 379 576 492 47 72 82 262 466 696 766 860 254 320 83 286 679 116 200 667 62 885 95 527 707 581 772 905 27 608 521 68 339 98 912 387 170 995 1 988 691 768 200 297 88 284 935 768 752 135 787 814 372 234 693 79 815 817 337 842 425 858 263 765 308 527 504 830 522 505 819 565 625 371 215 714 655 150 834 408 638 973 574 10 207 620 442 375 437 779 569 863 989 832 980 298 360 484 128 
234 341 299 152 967 671 367 33 326 517 219 86 155 192 13 518 751 633 960 126 70 91 48 285 80 880 265 378 592 749 507 179 91 806 331 410 829 50 443 156 919 14 594 75 206 607 945 309 240 257 788 663 348 836 948 428 68 214 159 13 315 18 192 406 176 875 168 6 277 963 514 196 977 108 623 535 716 568 845 308 825 985 323 525 173 272 306 241 486 465 254 801 483 798 560 11 25 80 17 302 
44 531 499 21 640 122 557 708 43 754 368 220 739 692 746 912 964 404 505 802 869 112 955 704 910 867 715 288 948 733 590 992 264 441 365 256 916 274 316 959 28 685 531 119 377 629 383 693 33 889 495 902 353 802 958 615 670 674 903 618 759 846 962 375 287 327 632 203 602 948 514 982 985 46 102 362 675 837 55 61 726 902 315 431 705 274 47 375 300 950 345 59 796 307 434 436 986 418 639 588 
719 506 571 704 552 25 419 579 862 826 992 941 729 308 372 786 934 771 513 234 722 858 293 870 517 79 658 503 498 650 444 569 156 367 625 60 392 44 991 606 223 984 547 304 644 272 90 578 43 603 812 117 813 457 340 682 536 998 537 386 648 981 955 804 348 933 216 92 977 208 51 200 192 950 504 836 222 946 414 618 901 578 87 66 35 427 748 571 778 286 310 426 267 617 583 968 550 799 412 528 
359 463 80 903 414 937 739 988 883 505 606 785 435 694 851 470 473 952 394 251 238 704 30 857 321 613 177 872 764 590 752 124 405 832 27 171 121 119 160 5 976 118 142 412 812 345 234 638 297 628 889 887 684 919 745 358 884 922 230 649 864 334 773 270 518 152 441 640 271 953 997 248 72 491 12 236 836 246 874 486 227 116 373 911 387 118 269 272 393 851 921 609 537 46 879 56 198 673 48 822 
978 45 422 50 536 434 287 724 32 513 210 259 629 584 523 17 54 144 641 799 348 914 409 885 960 640 293 510 665 341 684 644 738 106 694 274 892 333 999 277 847 561 888 828 497 411 197 552 908 190 351 256 104 112 493 416 753 787 927 418 128 611 62 867 70 109 493 962 442 844 591 641 758 480 822 255 891 371 159 151 562 863 759 666 975 253 83 728 392 362 499 872 325 913 91 395 22 585 710 817 
781 301 810 539 781 632 795 25 356 954 528 270 817 288 288 145 893 371 225 285 85 724 157 763 638 249 158 12 186 220 829 967 874 640 859 7 624 6 32 980 312 913 250 482 201 539 627 94 262 852 731 700 929 888 463 567 489 973 931 675 194 761 995 420 753 206 427 377 212 812 710 876 725 312 358 926 203 985 372 466 190 103 518 119 343 981 38 833 306 969 860 500 82 207 920 835 413 700 565 977 
512 275 854 237 587 564 163 143 902 887 609 92 990 479 563 333 812 601 518 118 922 379 619 5 938 891 192 352 591 757 681 455 32 887 692 972 452 207 115 354 94 76 798 436 907 361 770 719 314 640 837 236 19 808 593 310 52 786 662 995 895 695 451 280 935 143 252 739 703 719 445 797 147 243 234 54 956 356 125 622 348 962 210 720 771 804 30 823 942 44 818 837 739 621 117 26 765 721 765 468 
792 210 617 939 805 203 345 113 911 470 735 260 785 946 980 556 750 10 731 44 54 901 881 145 523 351 172 640 424 937 108 217 500 77 508 657 281 854 771 192 676 506 452 461 452 784 369 554 794 452 598 200 354 832 346 229 535 870 869 959 807 329 176 659 406 685 317 39 891 88 584 919 946 36 733 399 173 102 953 967 555 904 520 261 736 866 490 271 736 711 582 895 40 759 907 798 796 224 838 39 
664 422 958 610 810 43 361 983 146 315 303 53 571 823 666 307 41 508 930 129 219 512 24 259 623 931 57 771 507 247 810 523 669 121 486 832 516 847 815 14 514 470 419 85 645 85 744 686 593 26 815 164 891 192 423 514 475 833 638 335 80 800 210 102 273 696 934 790 896 101 804 762 572 224 200 569 309 944 256 255 323 423 419 214 967 195 80 443 380 718 130 812 871 340 266 144 389 200 934 637 
654 91 399 578 315 951 147 976 248 755 583 571 179 355 785 498 902 217 941 282 288 423 94 159 764 361 303 505 913 590 142 567 681 893 497 348 845 645 676 93 400 260 16 931 615 153 430 517 370 723 151 658 147 597 169 263 310 473 120 224 415 262 143 96 507 641 796 704 638 472 149 390 84 165 322 699 318 752 568 41 827 71 51 326 669 221 589 979 46 709 555 461 323 699 909 831 692 705 887 682 
529 37 72 614 554 394 665 873 498 586 266 326 657 317 652 326 890 594 306 936 655 861 397 979 912 658 162 956 363 49 638 245 438 711 859 993 457 524 218 956 110 484 634 768 153 638 446 44 232 104 332 240 966 82 219 230 740 733 187 456 134 825 701 573 888 560 566 346 436 784 302 899 620 288 19 125 926 465 521 511 570 854 751 888 936 322 118 676 55 657 132 189 835 833 762 723 745 680 69 534 
816 723 433 436 11 804 562 290 269 83 801 191 289 904 431 225 226 902 254 633 559 386 174 394 572 289 118 669 969 539 203 786 263 636 574 274 440 136 916 62 572 717 605 213 973 37 439 551 291 693 536 850 431 711 245 355 0 715 25 321 254 228 107 517 217 682 144 657 170 60 71 94 130 29 308 455 418 99 7 709 144 895 559 575 606 156 931 958 223 956 280 478 536 739 347 753 421 843 763 944 
256 834 390 738 215 698 193 633 797 552 342 941 448 254 869 406 762 152 365 986 460 997 816 996 736 163 750 158 359 513 454 615 699 844 705 267 895 250 900 692 155 595 986 955 201 207 361 963 359 78 949 819 75 765 167 812 281 917 322 992 782 776 959 482 972 664 749 867 914 1 912 421 948 898 376 149 457 90 465 816 168 414 987 596 532 154 408 165 424 82 157 206 210 116 40 182 132 141 402 398 
143 314 820 443 564 196 593 21 286 58 189 807 824 528 755 708 34 515 225 458 597 382 665 807 850 57 341 982 199 743 733 694 409 553 137 973 101 82 346 740 492 535 547 317 63 302 377 98 169 603 908 766 337 925 925 540 983 618 874 534 362 607 228 771 160 717 97 262 800 443 2 292 979 901 961 394 555 339 844 724 294 753 490 983 678 767 523 13 385 398 547 99 357 775 871 518 845 320 132 645 
763 134 289 742 387 251 489 942 942 333 666 588 438 508 571 469 627 447 482 12 845 30 112 202 157 335 72 354 655 204 999 418 690 641 513 429 244 354 371 186 39 389 126 478 249 697 947 876 144 781 241 341 163 353 896 321 40 320 675 695 877 27 465 567 20 330 997 264 684 720 450 724 462 928 202 63 625 501 940 122 282 533 815 446 886 711 119 278 384 146 973 261 525 790 180 545 121 529 809 805 
250 611 529 64 539 83 127 517 936 419 991 571 952 806 369 190 870 840 468 254 986 441 867 864 232 47 761 705 577 923 510 179 534 392 243 426 827 370 295 764 142 638 335 94 444 56 285 666 896 753 272 234 547 139 98 131 187 860 836 764 783 698 943 669 90 538 447 918 908 94 34 402 732 721 497 529 777 134 195 673 239 468 907 786 959 6 269 146 218 457 262 353 508 557 374 598 95 822 868 4 
916 254 758 649 975 255 530 752 389 725 425 981 545 685 767 505 43 389 3 261 198 618 966 706 175 340 657 271 514 525 627 783 132 385 432 107 641 314 860 382 39 637 363 937 322 483 794 717 224 797 978 422 415 296 129 591 637 786 214 503 663 841 286 795 226 70 255 867 384 467 602 424 104 317 713 779 800 507 496 24 656 827 799 424 475 928 367 112 66 581 616 81 422 902 877 648 973 132 868 357 
599 822 133 55 139 846 186 940 705 35 316 362 214 115 138 689 395 505 154 813 438 770 895 212 24 772 212 349 256 80 59 207 254 544 614 394 743 801 686 448 188 354 162 402 470 652 91 217 509 245 31 947 367 278 159 744 402 372 93 658 804 504 217 59 49 831 453 792 984 491 592 172 845 755 926 667 407 18 885 917 615 268 216 335 546 376 79 300 100 524 958 256 29 527 315 78 358 120 222 695 
611 814 867 809 569 794 476 329 164 713 598 131 981 814 466 879 542 897 179 642 422 489 251 803 16 566 881 727 39 455 422 2 269 641 811 191 787 640 520 951 353 118 435 687 284 901 918 827 799 450 821 573 939 72 376 308 991 609 387 382 64 161 384 333 802 548 524 590 540 396 893 893 866 328 932 151 230 851 330 381 301 151 954 592 576 682 252 567 291 639 949 355 800 685 40 955 585 917 545 125 
313 438 19 532 767 303 35 349 154 717 82 807 868 36 400 796 718 4 715 361 996 664 716 148 702 756 103 287 673 0 765 339 439 136 223 558 439 258 259 594 975 341 753 195 729 505 992 799 510 707 160 506 724 228 6 778 984 110 417 10 110 182 701 901 318 924 811 110 182 422 56 509 115 809 56 844 315 48 995 177 108 507 683 184 735 41 962 72 151 731 434 614 914 135 515 584 59 679 694 593 
101 102 454 217 912 510 413 579 911 761 756 19 268 791 555 356 832 869 428 336 600 214 950 514 349 817 451 760 496 497 353 950 600 807 519 864 317 284 443 228 45 551 599 666 342 506 22 526 375 802 862 976 16 812 842 365 630 645 125 478 143 830 780 95 989 651 959 306 936 754 887 333 657 838 351 999 345 373 525 720 527 388 48 543 552 243 260 534 888 737 13 31 919 145 478 908 797 789 567 85 
895 454 770 552 644 122 551 341 847 429 62 375 169 462 270 721 705 531 256 594 620 621 977 540 118 456 448 267 245 367 352 141 821 475 693 818 597 597 159 796 378 573 171 547 36 442 620 93 325 228 687 297 201 665 837 320 473 638 587 70 5 292 563 179 767 609 349 364 206 508 160 936 82 684 483 470 478 455 563 155 684 603 452 885 620 642 557 445 632 145 515 989 789 79 168 556 688 869 272 246 
378 784 182 812 468 17 634 298 472 549 453 508 152 258 746 124 900 303 569 884 800 85 873 589 516 394 497 556 263 769 802 641 906 336 805 726 705 791 25 177 341 830 38 493 88 784 618 340 439 187 224 240 624 98 181 140 492 679 696 107 800 850 101 706 538 906 433 243 698 810 773 39 640 811 884 81 595 854 773 386 394 998 978 18 448 160 511 292 191 559 399 343 410 500 402 948 759 187 544 809 
997 317 848 989 128 84 422 75 291 196 461 685 546 440 55 346 952 918 638 495 478 389 838 240 242 240 540 1 427 84 810 776 401 10 766 881 446 188 956 737 736 770 422 282 562 830 628 514 748 618 9 226 8 199 818 602 440 359 603 867 795 765 644 197 127 762 430 573 302 739 663 39 509 437 673 423 267 302 937 16 272 298 594 632 497 413 234 289 124 837 509 919 954 505 468 81 267 899 7 921 
638 670 960 499 107 634 922 727 288 211 743 560 861 689 193 710 454 427 0 578 617 509 850 923 366 318 357 985 217 716 906 207 738 867 58 197 853 332 924 493 543 19 53 404 709 598 467 163 378 467 94 347 328 944 622 694 262 979 31 832 695 937 391 785 156 450 983 9 782 907 502 678 927 908 434 988 858 901 503 236 720 597 935 400 893 558 446 508 537 477 692 585 415 83 370 571 885 353 933 20 
613 787 698 892 695 484 880 906 738 383 142 458 333 430 859 226 988 305 86 877 783 778 462 550 862 185 121 99 890 406 119 503 194 169 395 241 654 627 147 744 363 642 202 696 72 413 274 412 71 361 289 854 491 104 756 353 289 877 453 531 284 924 35 830 446 782 71 452 762 571 196 125 213 398 173 637 164 799 49 235 512 338 441 4 442 197 357 83 426 162 615 710 439 2 892 885 136 964 337 898 
535 533 375 100 283 548 737 447 348 138 682 860 828 475 216 271 672 574 706 99 88 321 161 879 675 54 764 812 370 453 710 257 986 86 709 622 986 798 421 686 936 104 899 764 931 115 387 604 41 94 703 130 767 216 9 443 270 126 255 992 579 317 249 918 755 958 540 94 756 961 780 44 417 679 161 349 795 548 305 836 994 8 318 762 224 680 205 847 806 812 839 737 481 441 655 589 751 547 683 860 
861 815 904 630 495 65 331 642 966 636 478 960 996 797 74 573 477 631 420 635 795 611 724 277 404 732 218 156 279 253 368 492 68 624 123 563 42 806 205 8 443 36 320 439 833 395 364 662 26 784 649 822 748 373 451 504 105 669 660 737 922 380 229 990 5 704 906 47 863 463 55 306 499 727 97 684 122 462 698 501 598 699 323 698 73 126 203 530 795 215 267 69 596 849 411 601 905 317 0 768 
133 407 426 632 134 524 669 257 338 367 110 936 67 433 635 492 911 838 22 706 53 642 127 1 843 538 602 748 208 954 869 341 361 295 973 496 171 642 105 509 362 215 446 781 0 433 273 911 271 647 969 676 289 96 678 484 986 632 585 194 587 454 535 300 101 861 796 625 855 253 134 569 468 932 350 820 365 623 83 988 271 52 665 912 500 695 397 487 679 982 681 618 788 569 919 889 430 715 514 637 
321 1 207 789 933 557 962 651 533 45 639 156 450 656 68 950 351 817 437 383 151 471 1 939 40 920 181 822 988 47 459 309 48 666 450 334 224 764 985 109 810 624 265 612 281 685 562 984 503 352 367 654 823 721 946 863 993 127 685 333 526 496 994 575 163 797 261 739 561 246 848 723 222 113 335 855 798 250 192 653 602 911 660 425 632 606 288 626 85 325 311 611 821 306 538 336 103 799 75 664 
397 275 740 620 740 427 827 891 677 19 544 279 931 204 704 915 162 344 893 247 21 205 211 195 511 749 531 614 901 959 630 298 234 722 270 975 150 98 866 827 469 762 107 400 319 811 668 481 508 561 81 529 766 292 724 629 393 256 595 294 215 578 945 801 300 567 776 450 665 994 278 487 757 385 239 76 548 907 557 408 821 990 938 587 282 14 569 28 622 164 674 189 742 619 991 43 187 119 493 204 
114 123 43 223 860 283 299 409 190 208 169 11 199 107 951 833 474 520 861 96 36 536 286 779 507 277 174 46 396 19 603 862 143 646 85 3 929 384 764 472 945 934 835 496 393 138 329 867 10 543 964 47 431 602 178 938 879 352 337 627 371 940 490 866 586 927 222 868 664 338 692 609 272 527 105 18 18 786 237 28 329 553 75 112 155 605 403 386 957 740 14 681 32 856 899 618 135 121 838 799 
460 530 408 84 410 865 454 428 652 692 456 333 245 884 446 401 489 201 787 799 941 153 832 973 361 83 943 497 205 134 648 17 664 57 453 426 274 260 854 278 952 663 612 549 899 410 302 740 963 442 891 904 947 723 229 309 159 524 158 716 658 806 733 675 215 538 101 490 798 308 768 102 323 732 652 574 494 306 314 457 748 206 713 696 281 294 357 440 819 515 156 829 673 241 504 889 132 958 731 282 
618 851 737 941 584 741 515 430 47 181 240 796 387 305 844 21 600 201 813 419 68 322 248 741 915 105 982 47 63 713 682 681 917 419 974 853 160 841 283 207 22 875 355 762 181 199 783 781 752 596 552 172 270 152 266 186 257 248 233 672 314 915 705 231 334 679 84 494 872 719 54 895 947 409 9 128 961 792 261 713 740 165 886 11 317 152 197 927 752 782 951 418 50 657 649 736 688 85 583 913 
157 637 160 104 46 169 584 359 313 845 73 53 10 311 416 679 815 965 958 567 100 262 986 150 271 987 238 311 425 821 224 582 458 384 38 857 553 622 216 218 467 641 624 829 304 40 860 119 358 171 39 810 433 377 960 56 364 198 367 141 372 592 75 830 328 113 39 234 735 608 452 554 601 76 735 906 469 596 25 179 119 416 989 904 793 301 960 510 851 327 651 223 271 727 406 600 192 797 186 928 
405 638 834 359 67 570 265 888 166 642 67 637 59 408 541 204 709 501 714 912 828 718 136 100 797 894 52 989 691 238 269 449 228 104 808 647 674 425 535 192 419 954 829 478 714 370 35 423 871 101 688 51 819 824 503 968 70 907 310 113 497 579 562 78 35 722 725 61 499 613 253 919 919 434 749 634 156 784 409 379 886 97 431 57 273 286 378 695 194 688 809 691 619 723 769 7 446 847 68 297 
812 674 216 731 108 966 717 265 750 127 644 988 576 427 46 850 714 424 545 260 464 706 951 435 430 73 442 228 272 511 525 84 185 742 815 293 708 885 910 810 12 907 799 588 334 197 790 400 973 688 660 789 394 612 224 176 37 667 404 309 530 930 393 715 24 560 360 84 445 623 894 809 530 45 750 864 594 540 265 567 580 925 356 327 889 581 503 278 600 908 587 130 190 332 197 214 245 909 298 42 
532 544 852 62 942 602 279 536 494 544 104 427 821 812 754 63 745 257 341 345 165 281 827 355 965 24 921 210 934 219 605 818 116 457 881 58 411 160 594 257 56 50 684 229 863 790 644 960 48 986 306 213 619 485 921 584 510 842 147 796 414 752 614 530 561 847 588 324 359 182 933 415 585 618 997 448 760 641 760 808 979 418 374 950 904 295 887 766 137 34 562 903 138 528 433 51 376 21 727 735 
556 660 503 141 630 852 941 391 845 701 199 825 120 573 127 376 220 14 142 710 400 56 613 538 584 47 941 312 420 668 400 976 329 255 469 311 107 410 702 952 464 254 129 936 827 257 312 400 271 806 110 672 862 723 562 798 770 856 111 543 524 863 519 205 118 341 869 577 103 571 881 567 825 11 855 5 620 167 405 243 973 867 267 187 590 182 986 713 38 97 256 914 312 127 120 430 468 989 7 572 

66
