10 10
398 325 810 451 682 314 630 210 53 304
964 937 999 618 834 954 297 49 847 838
363 21 378 262 179 562 229 54 119 652
101 518 977 264 321 11 578 951 222 983
256 538 920 255 157 106 561 806 155 408
996 870 782 374 485 961 288 714 367 408
718 469 278 47 85 599 410 663 903 984
998 511 523 918 118 32 24 679 838 532
440 187 754 222 561 239 535 202 305 902
962 375 723 240 422 808 191 833 823 446


0 0 1 1 1 0 1 0 0 0
1 1 1 1 1 1 0 0 1 1
0 0 0 0 0 1 0 0 0 1
0 1 1 0 0 0 1 1 0 1
0 1 1 0 0 0 1 1 0 1
1 1 1 0 1 1 0 1 0 1
1 1 0 0 0 1 1 1 1 1
1 1 1 1 0 0 0 1 1 1
1 0 1 0 1 0 1 0 0 1
1 0 1 0 1 1 0 1 1 1


10
